       592      2034
      2651      4684
      4770      5506
      5552      7704
      8038      8373
      8502      9657
     10297     10642
     11422     12713
     13229     15815
     16176     16429
     16765     16848
     16995     20354
     20430     24574
     25139     29515
     29673     35140
     35188     37527
     37695     39243
     39498     39670
     39722     52212
     52343     55951
     59656     59727
     59916     60292
     61094     61897
     61971     63433
     63854     67181
     67412     75642
     76956     82835
     83137     88143
     88697     89749
     89886     90587
     90657     91045
     91083    100581
    100655    102462
    102651    104844
